100
97756
82814
52817
21877
99150
67707
58301
60191
98322
2
26987
92679
50980
94387
98795
17361
76263
29754
54982
35633
44372
7864
91568
3
85789
26508
92568
47522
72712
92203
92880
28277
11715
18185
52481
75205
56420
90853
13920
57181
98943
8192
64
2979
90291
59873
40211
85069
22296
2048
81496
77515
37334
99874
44126
9305
31308
74911
31362
6674
95824
78679
92344
80755
2048
96324
91264
1
53249
99307
76581
2773
93635
99060
37784
97848
96315
96319
13239
64
82647
67879
7619
60282
92170
33931
45868
1
70094
65840
56008
10
39287
61919
6003
34158
3402
24168
29890
91071
