100
24614
93931
95486
20373
68739
85299
90358
13810
67877
68228
99939
53095
98434
79476
99369
51385
11150
73979
16
57678
94858
3139
25427
55577
96186
47254
16092
97411
52256
82864
66092
18132
58578
4096
89801
74523
40282
1
18430
19223
26543
32623
12518
81442
93283
94627
3
41314
65536
74341
97021
61074
97785
92242
93243
10
86046
77796
91365
16384
70808
95458
1507
91711
42957
85199
60965
92106
91437
49124
6057
96662
95739
6150
4
52271
99140
96842
83230
36981
1
94571
70081
31961
69700
49228
21561
97976
94167
5099
96741
65200
52540
7943
97140
20983
99453
60647
50766
2
