100
91761
23362
9527
17372
10
98033
97960
94247
40944
1002
1024
36336
2
99165
1310
35956
95124
3812
87970
87707
25415
88070
21066
97587
74645
90488
97869
2
97975
39644
16384
45066
98242
99921
86043
75772
77606
46447
31584
3
25270
46360
23965
44229
45705
27212
91831
77335
128
61838
86650
33085
41399
3296
83679
80302
52737
96151
86141
61005
19067
42685
56718
38913
71810
97827
65707
2306
95108
97969
79815
12474
52267
95997
77209
1024
1211
86084
94134
68244
16384
19672
78891
4644
54597
45683
92354
22015
99813
79242
97341
17440
53472
94105
96860
98027
34582
60432
90643
1
