100
90978
92490
91329
2722
63504
85369
56105
46297
45490
19714
91141
78279
37847
19472
80162
11012
271
74022
75037
23232
80489
2
95025
92995
46978
69677
92940
4194
65551
6840
24200
91827
27918
17118
98019
98814
44169
97906
22471
74375
92304
3
34365
98030
37169
92958
87025
93611
41471
40194
45597
82595
16
65599
797
2820
32380
74629
93791
57277
32
1
48163
23930
72237
2
86695
33123
97750
98961
65041
91997
2
98285
92582
97353
17778
10
3405
56397
2
56117
70299
8445
70923
33871
2048
91304
83604
99743
91583
95057
64447
66332
78137
76015
94105
73179
99572
59642
