100
6767
13719
94132
91295
27921
60783
93106
98826
93361
37532
33332
16384
99013
74997
6620
45444
27700
30737
98684
13454
53203
24390
27010
12439
65536
37145
91904
34435
22392
54326
34856
34913
94044
47783
3691
81726
46260
95389
88191
10
36600
1
88121
93175
2
26359
41465
91258
97302
96120
66572
94879
96151
10328
44926
29694
5214
10781
32768
81555
86414
90794
44956
29266
67937
34928
2833
3945
95203
98046
90613
55371
90610
25094
80598
582
92180
50353
61128
49838
42820
52830
48927
3
94981
27560
40660
2
56904
76856
29346
72467
1
91368
49785
41647
32350
4096
2746
49206
