100
23164
93724
94922
42266
2048
38926
37201
4096
29928
93198
74870
93381
19190
90121
96293
69355
8068
44310
18083
50035
21048
17962
97751
74888
92762
78292
14698
2
4
29717
56067
97295
38474
82269
93961
1024
91140
1
8
97802
3
78113
92933
95956
75606
23456
91811
77528
64045
39493
75314
12413
39839
51848
60129
10
70138
37507
47886
26574
28356
59119
91926
97093
71283
512
30276
97936
182
8703
783
96062
34637
80512
55169
66989
14801
96653
97377
11891
91560
94600
9777
96029
65389
41141
95371
84631
75283
61237
18281
93178
97412
21544
1457
90816
60572
49885
60771
90866
