100
58343
97120
32
3
92177
4096
37012
90693
99298
57331
10449
49539
96912
92557
92997
16298
8058
42722
97504
73989
20470
50958
34340
98664
79666
12591
70101
82983
4
51411
15916
94666
14609
60489
92449
20402
97600
98150
1633
55617
18767
98310
70072
97200
92829
64293
63778
96221
30623
74958
1
13767
4
46140
32
17542
60681
2
91231
64
10
98522
99769
36517
1087
47493
96173
65848
98928
93432
17160
97792
18344
18205
7690
28098
41231
260
79389
21716
21836
27303
57887
12625
99972
93828
94572
55936
75132
89166
46338
92151
97496
39661
4015
98689
50627
29206
91592
95123
